version https://git-lfs.github.com/spec/v1
oid sha256:76b05753f37926d99b616681b96a051243b7f9f671a011e13e9ea5e40173b26b
size 561
